图片大小：
[640 x 480]
第1幅图像的平均误差：0.0554345像素
第2幅图像的平均误差：0.0300188像素
第3幅图像的平均误差：0.0298302像素
第4幅图像的平均误差：0.0831873像素
第5幅图像的平均误差：0.0344383像素
第6幅图像的平均误差：0.0405599像素
第7幅图像的平均误差：0.0421228像素
第8幅图像的平均误差：0.0623617像素
第9幅图像的平均误差：0.0344566像素
第10幅图像的平均误差：0.0339199像素
第11幅图像的平均误差：0.433747像素
第12幅图像的平均误差：0.0475203像素
第13幅图像的平均误差：0.040544像素
第14幅图像的平均误差：0.02612像素
第15幅图像的平均误差：0.0431777像素
第16幅图像的平均误差：0.410942像素
第17幅图像的平均误差：0.0412982像素
第18幅图像的平均误差：0.511701像素
第19幅图像的平均误差：0.493246像素
第20幅图像的平均误差：0.0326218像素
第21幅图像的平均误差：0.037322像素
第22幅图像的平均误差：0.0461767像素
第23幅图像的平均误差：0.0421734像素
第24幅图像的平均误差：0.0489041像素
第25幅图像的平均误差：0.0540447像素
第26幅图像的平均误差：0.0504012像素
第27幅图像的平均误差：0.0436165像素
第28幅图像的平均误差：0.0394805像素
第29幅图像的平均误差：0.0478884像素
第30幅图像的平均误差：0.0537537像素
总体平均误差：0.0997003像素

第1幅图像的旋转向量：
[-2.00863, -2.05549, 0.470423]
第1幅图像的旋转矩阵：
[-0.03481423245023507, 0.9241658772887201, -0.3804016304829299;
 0.9976256028048099, 0.009504539863151806, -0.06821158516212464;
 -0.05942327698167618, -0.3818731399000986, -0.9223024336819234]
第1幅图像的平移向量：
[-175.105, -147.301, 255.012]
第2幅图像的旋转向量：
[-2.30266, -2.08502, 0.039105]
第2幅图像的旋转矩阵：
[0.09906571427846433, 0.9941889486360351, -0.04212266212471476;
 0.9950692502212981, -0.09877098354643499, 0.009026631336970164;
 0.004813680350975215, -0.04280919549869031, -0.9990716697325741]
第2幅图像的平移向量：
[-12.8124, -128.018, 189.77]
第3幅图像的旋转向量：
[-2.30599, -2.12329, -0.0379222]
第3幅图像的旋转矩阵：
[0.08220556845937677, 0.9965274535602392, 0.01323929057829181;
 0.9963646642918186, -0.08247559944435989, 0.02133614883115809;
 0.02235397649015893, 0.01143721106910234, -0.9996846952604798]
第3幅图像的平移向量：
[28.976, -143.098, 175.224]
第4幅图像的旋转向量：
[-1.96282, -2.25363, 0.0044489]
第4幅图像的旋转矩阵：
[-0.1306432413422834, 0.9845148079799063, -0.1168885638540839;
 0.9849686332825965, 0.1423244912219036, 0.09788018516451902;
 0.1130005970824755, -0.1023441843326468, -0.9883099377180669]
第4幅图像的平移向量：
[-17.768, -101.754, 212.742]
第5幅图像的旋转向量：
[-1.99094, -2.11146, -0.105247]
第5幅图像的旋转矩阵：
[-0.04505179766476264, 0.9914898235910226, -0.1221403505915043;
 0.9744289513658675, 0.0705565135627757, 0.2133307224332228;
 0.2201330376549332, -0.1094061612035998, -0.969315086864691]
第5幅图像的平移向量：
[-91.0738, -30.0569, 193.143]
第6幅图像的旋转向量：
[2.21033, 2.04717, -0.153646]
第6幅图像的旋转矩阵：
[0.07735088881384633, 0.9969514527738034, 0.01022940916726547;
 0.9842559602059376, -0.07472234855452542, -0.1601773249420283;
 -0.1589246513250734, 0.02245821539435641, -0.9870352495035345]
第6幅图像的平移向量：
[-89.543, -45.8023, 157.761]
第7幅图像的旋转向量：
[2.21086, 2.15279, -0.149558]
第7幅图像的旋转矩阵：
[0.02486503835400034, 0.9991483386209546, -0.03292912538528558;
 0.9941036234618251, -0.02819030186951477, -0.1047057433982265;
 -0.1055448515453203, -0.03013145053746014, -0.9939579367361503]
第7幅图像的平移向量：
[-89.8336, -34.7765, 155.449]
第8幅图像的旋转向量：
[-2.16056, -2.21962, 0.188016]
第8幅图像的旋转矩阵：
[-0.0301552318675179, 0.9932773992810996, -0.1117616663637;
 0.9979240471903416, 0.02355187169102291, -0.05994084900214782;
 -0.05690569418138169, -0.1133371846183958, -0.9919256144250489]
第8幅图像的平移向量：
[-147.156, -67.4075, 151.769]
第9幅图像的旋转向量：
[-2.164, -2.17556, 0.219937]
第9幅图像的旋转矩阵：
[-0.00933484696103748, 0.9891623917447901, -0.1465285753358019;
 0.9984750126918304, 0.001247004287039943, -0.05519143058806027;
 -0.05441056572268466, -0.1468203246762309, -0.9876655722458405]
第9幅图像的平移向量：
[-163.824, -60.8447, 156.451]
第10幅图像的旋转向量：
[1.8572, -1.99776, -0.743441]
第10幅图像的旋转矩阵：
[-0.1090738455504839, -0.824297881789706, -0.5555500862153053;
 -0.9869471684198465, 0.02318849326965411, 0.1593661837653479;
 -0.118482838271526, 0.5656812670195888, -0.8160677185002702]
第10幅图像的平移向量：
[107.39, 59.6359, 105.17]
第11幅图像的旋转向量：
[-1.7578, -1.98278, 0.547798]
第11幅图像的旋转矩阵：
[-0.1019161249275408, 0.8221438138105348, -0.5600827196877461;
 0.9930666604556921, 0.1172365932027373, -0.008613309793265633;
 0.05858081060494802, -0.5570773111761818, -0.8283919108740638]
第11幅图像的平移向量：
[-126.083, -98.5196, 303.107]
第12幅图像的旋转向量：
[-1.69023, -2.17117, -0.0867074]
第12幅图像的旋转矩阵：
[-0.1995679304992957, 0.9442996007660676, -0.2616694577310738;
 0.9204256992276902, 0.2722564540550387, 0.2805226469050134;
 0.3361386221746114, -0.1848639694976358, -0.9234912774163766]
第12幅图像的平移向量：
[-166.3, -109.717, 128.833]
第13幅图像的旋转向量：
[-1.78102, -2.16044, -0.075407]
第13幅图像的旋转矩阵：
[-0.1571142297734366, 0.9617354329329955, -0.224455064197455;
 0.9437454866339525, 0.2131724307981102, 0.2527883921497757;
 0.2909631854045178, -0.1721118002602048, -0.9411258964402411]
第13幅图像的平移向量：
[-68.828, -96.7549, 151.401]
第14幅图像的旋转向量：
[-1.4679, -2.37781, -0.121083]
第14幅图像的旋转矩阵：
[-0.4065670057733625, 0.8806974677009511, -0.2430539861874613;
 0.851452385155419, 0.4617052283625713, 0.2487109123376243;
 0.3312583668824541, -0.1058312453285771, -0.9375860717195899]
第14幅图像的平移向量：
[8.659, -125.547, 165.729]
第15幅图像的旋转向量：
[0.14388, 2.9127, -0.311911]
第15幅图像的旋转矩阵：
[-0.9735385710246719, 0.118417813481084, 0.1954478758584985;
 0.07434755492644995, 0.9728638703446493, -0.2191080346643823;
 -0.216090471339433, -0.1987790512815393, -0.9559245770289164]
第15幅图像的平移向量：
[35.8516, -140.163, 160.912]
第16幅图像的旋转向量：
[-1.61044, -1.7572, -0.408642]
第16幅图像的旋转矩阵：
[0.02626756460059865, 0.9584570801602486, -0.2840247181860136;
 0.7347837937930146, 0.1741308345840605, 0.6555693928381674;
 0.6777925873223299, -0.2259169713362626, -0.6996847366015299]
第16幅图像的平移向量：
[-32.9367, -32.7416, 189.382]
第17幅图像的旋转向量：
[-1.96552, -2.24631, 0.185293]
第17幅图像的旋转矩阵：
[-0.1296092241206542, 0.9724047903509406, -0.1939854961727419;
 0.9910478470178484, 0.1333569971897619, 0.006330578316123506;
 0.03202520794825323, -0.1914284069908972, -0.9809839708439677]
第17幅图像的平移向量：
[-20.6405, -92.839, 257.087]
第18幅图像的旋转向量：
[1.86332, 2.10825, -0.825614]
第18幅图像的旋转矩阵：
[-0.1793970416433762, 0.9622779362141138, -0.2045430881870874;
 0.8452757940245497, 0.0443992049855888, -0.532482434107281;
 -0.5033145472622184, -0.2684210946854841, -0.8213553326314225]
第18幅图像的平移向量：
[3.67586, -133.578, 343.811]
第19幅图像的旋转向量：
[1.94182, 1.84661, -0.914039]
第19幅图像的旋转矩阵：
[-0.03393021833759147, 0.9718620418662971, -0.2330942124185735;
 0.774697123686827, -0.1217748728031957, -0.6204959684841818;
 -0.6314214969692753, -0.2016309795969786, -0.7487668804319823]
第19幅图像的平移向量：
[-24.0895, -108.83, 253.746]
第20幅图像的旋转向量：
[-1.72449, -2.27959, 0.857638]
第20幅图像的旋转矩阵：
[-0.323935587180615, 0.8323362757833693, -0.4497577785575485;
 0.9223840799531094, 0.1721233345220263, -0.3458050993870305;
 -0.2104123199981545, -0.5268679926965474, -0.8234906033859191]
第20幅图像的平移向量：
[9.2863, -173.231, 251.414]
第21幅图像的旋转向量：
[2.14846, 2.06316, -0.716488]
第21幅图像的旋转矩阵：
[-0.01487391151684125, 0.9613097760397417, -0.2750677757328382;
 0.9248814752801907, -0.09131183278457766, -0.3691292536186472;
 -0.3799645028680013, -0.2598954860784295, -0.8877394397436273]
第21幅图像的平移向量：
[-31.2203, -152.492, 227.046]
第22幅图像的旋转向量：
[2.66282, 0.0341988, -1.50904]
第22幅图像的旋转矩阵：
[0.5144292393476743, 0.0591572203317268, -0.8554899070046338;
 -0.0203410322303549, -0.996495181153357, -0.08113936372650295;
 -0.857291549072996, 0.05914200893410375, -0.5114229391289183]
第22幅图像的平移向量：
[65.3341, 92.44, 225.128]
第23幅图像的旋转向量：
[-2.4348, -1.95013, -0.233049]
第23幅图像的旋转矩阵：
[0.2116663588223049, 0.9713994942466456, 0.1076121513597215;
 0.9694025447903046, -0.2226764677935924, 0.1033145529199548;
 0.1243223982112146, 0.08245127814855234, -0.9888102588639958]
第23幅图像的平移向量：
[-53.0209, -57.9809, 92.7164]
第24幅图像的旋转向量：
[-2.08531, -1.75191, -0.265921]
第24幅图像的旋转矩阵：
[0.1953333450815308, 0.9745264687989623, -0.1101954895151532;
 0.8979320971115039, -0.1325218035575545, 0.4197093286535208;
 0.3944145449602432, -0.1809312941203862, -0.9009445230044559]
第24幅图像的平移向量：
[-77.8302, -44.2128, 127.894]
第25幅图像的旋转向量：
[-2.17443, -1.91135, -0.0527419]
第25幅图像的旋转矩阵：
[0.1410080548061047, 0.9809204763111374, -0.1338347773687002;
 0.9720473284019364, -0.111545070962178, 0.206595470644205;
 0.1877251177292383, -0.1592253632358041, -0.969229881852582]
第25幅图像的平移向量：
[-107.544, -50.239, 110.768]
第26幅图像的旋转向量：
[-2.27304, -1.95186, -0.271394]
第26幅图像的旋转矩阵：
[0.1456015273705723, 0.9881031036571354, 0.04952223511204662;
 0.9641317174947451, -0.1529414735956275, 0.2169307192977311;
 0.2219239206304485, 0.01616051352940956, -0.9749300545446715]
第26幅图像的平移向量：
[-71.7864, -55.403, 90.664]
第27幅图像的旋转向量：
[-2.20766, -1.89512, -0.168406]
第27幅图像的旋转矩阵：
[0.1585871911092055, 0.9855165402318777, -0.06006040081020431;
 0.9594832840689131, -0.1394777764502116, 0.2448219301223618;
 0.2328989703893647, -0.09645257283190954, -0.9677060353153116]
第27幅图像的平移向量：
[-83.748, -43.7613, 105.376]
第28幅图像的旋转向量：
[-2.37858, -1.87973, -0.286053]
第28幅图像的旋转矩阵：
[0.222073319080675, 0.9711441822962575, 0.08696216501804466;
 0.9530508435536892, -0.2350327804997393, 0.1909284727120669;
 0.2058580349515017, 0.04047924508552979, -0.9777442918080431]
第28幅图像的平移向量：
[-45.3077, -38.5498, 100.603]
第29幅图像的旋转向量：
[-2.36908, -1.90451, -0.282261]
第29幅图像的旋转矩阵：
[0.2060592165936076, 0.9745852912831119, 0.08788122251903743;
 0.9581808804497669, -0.2191809235134614, 0.1839813118452408;
 0.1985673679065577, 0.04629506218159861, -0.9789932418664919]
第29幅图像的平移向量：
[-75.7897, -43.3541, 84.6594]
第30幅图像的旋转向量：
[-2.19732, -1.68219, -0.461645]
第30幅图像的旋转矩阵：
[0.2484433331799746, 0.9672051593849319, 0.05282130117285189;
 0.858685148323875, -0.245147427823761, 0.4500694998324137;
 0.448258548436535, -0.0664598998687384, -0.8914299498350994]
第30幅图像的平移向量：
[-76.0231, -19.8995, 105.66]

